20 July 2019 
0. 
1. 
2. 
3. 
4. 
 ... 
 
21 July 2019 
0. 
1. 
2. 
3. 
4. 
 ... 
 
22 July 2019 
0. 
1. 
2. 
3. 
4. 
 ... 
 
23 July 2019 
0. 
1. 
2. 
3. 
4. 
 ... 
 
24 July 2019 
0. 
1. 
2. 
3. 
4. 
 ... 
 
25 July 2019 
0. 
1. 
2. 
3. 
4. 
 ... 
 
26 July 2019 
0. 
1. 
2. 
3. 
4. 
 ... 
 
27 July 2019 
0. 
1. 
2. 
3. 
4. 
 ... 
 
28 July 2019 
0. 
1. 
2. 
3. 
4. 
 ... 
 
29 July 2019 
0. 
1. 
2. 
3. 
4. 
 ... 
 
30 July 2019 
0. 
1. 
2. 
3. 
4. 
 ... 
 
31 July 2019 
0. 
1. 
2. 
3. 
4. 
 ... 
 
1 August 2019 
0. 
1. 
2. 
3. 
4. 
 ... 
 
2 August 2019 
0. 
1. 
2. 
3. 
4. 
 ... 
 
3 August 2019 
0. 
1. 
2. 
3. 
4. 
 ... 
 
4 August 2019 
0. 
1. 
2. 
3. 
4. 
 ... 
 
5 August 2019 
0. 
1. 
2. 
3. 
4. 
 ... 
 
6 August 2019 
0. 
1. 
2. 
3. 
4. 
 ... 
 
7 August 2019 
0. 
1. 
2. 
3. 
4. 
 ... 
 
8 August 2019 
0. 
1. 
2. 
3. 
4. 
 ... 
 
9 August 2019 
0. 
1. 
2. 
3. 
4. 
 ... 
 
10 August 2019 
0. 
1. 
2. 
3. 
4. 
 ... 
 
11 August 2019 
0. 
1. 
2. 
3. 
4. 
 ... 
 
12 August 2019 
0. 
1. 
2. 
3. 
4. 
 ... 
 
13 August 2019 
0. 
1. 
2. 
3. 
4. 
 ... 
 
14 August 2019 
0. 
1. 
2. 
3. 
4. 
 ... 
 
15 August 2019 
0. 
1. 
2. 
3. 
4. 
 ... 
 
16 August 2019 
0. 
1. 
2. 
3. 
4. 
 ... 
 
17 August 2019 
0. 
1. 
2. 
3. 
4. 
 ... 
 
18 August 2019 
0. 
1. 
2. 
3. 
4. 
 ... 
 
19 August 2019 
0. 
1. 
2. 
3. 
4. 
 ... 
 
20 August 2019 
0. 
1. 
2. 
3. 
4. 
 ... 
 
21 August 2019 
0. 
1. 
2. 
3. 
4. 
 ... 
 
22 August 2019 
0. 
1. 
2. 
3. 
4. 
 ... 
 
23 August 2019 
0. 
1. 
2. 
3. 
4. 
 ... 
 
24 August 2019 
0. 
1. 
2. 
3. 
4. 
 ... 
 
25 August 2019 
0. 
1. 
2. 
3. 
4. 
 ... 
 
26 August 2019 
0. 
1. 
2. 
3. 
4. 
 ... 
 
27 August 2019 
0. 
1. 
2. 
3. 
4. 
 ... 
 
28 August 2019 
0. 
1. 
2. 
3. 
4. 
 ... 
 
29 August 2019 
0. 
1. 
2. 
3. 
4. 
 ... 
 
30 August 2019 
0. 
1. 
2. 
3. 
4. 
 ... 
 
31 August 2019 
0. 
1. 
2. 
3. 
4. 
 ... 
 
1 September 2019 
0. 
1. 
2. 
3. 
4. 
 ... 
 
2 September 2019 
0. 
1. 
2. 
3. 
4. 
 ... 
 
3 September 2019 
0. 
1. 
2. 
3. 
4. 
 ... 
 
4 September 2019 
0. 
1. 
2. 
3. 
4. 
 ... 
 
5 September 2019 
0. 
1. 
2. 
3. 
4. 
 ... 
 
6 September 2019 
0. 
1. 
2. 
3. 
4. 
 ... 
 
7 September 2019 
0. 
1. 
2. 
3. 
4. 
 ... 
 
8 September 2019 
0. 
1. 
2. 
3. 
4. 
 ... 
 
9 September 2019 
0. 
1. 
2. 
3. 
4. 
 ... 
 
10 September 2019 
0. 
1. 
2. 
3. 
4. 
 ... 
 
11 September 2019 
0. 
1. 
2. 
3. 
4. 
 ... 
 
12 September 2019 
0. 
1. 
2. 
3. 
4. 
 ... 
 
13 September 2019 
0. 
1. 
2. 
3. 
4. 
 ... 
 
14 September 2019 
0. 
1. 
2. 
3. 
4. 
 ... 
 
15 September 2019 
0. 
1. 
2. 
3. 
4. 
 ... 
 
16 September 2019 
0. 
1. 
2. 
3. 
4. 
 ... 
 
17 September 2019 
0. 
1. 
2. 
3. 
4. 
 ... 
 

This is the end
